0.001251258888515885
0.5635853144932401
0.1933042390209662
0.8087405011139256
0.5850093081453902
0.4798730430005799
0.3502914517654958
0.8959624011963255
0.8228400524918363
0.7466048158207953
0.174108096560564
0.858943449201941
0.7105014191106906
0.5135349589526047
0.3039948728904081
0.01498458815271462
0.09140293588061159
0.3644520401623585
0.1473128452406385
0.1658986175115207
0.988525040437025
0.445692312387463
0.119083223975341
0.00466933194982757
0.00891140476699118
0.3778801843317972
0.5316629535813471
0.5711844233527634
0.6017639698477126
0.6071657460249641
0.1662343211157567
0.663045136875515
0.4507889034699545
0.3521225623340556
0.05703909421063875
0.6076845606860561
0.78331858272042
0.8026062807092501
0.5198828089236122
0.3019501327555162
0.8759727774895474
0.7266762291329691
0.9559007538071841
0.9257179479354228
0.5393536179692984
0.1423383281960509
0.4620807519760735
0.2353282265694144
0.8622394482253487